29 0 17408 1 1 1 0 2 142 5120 17408 1 1 0 0 0 0 0 5120 1 1 1 4 20480 20480 20480 k5120_m17408_n1
29 0 17408 2 1 1 0 2 142 5120 17408 1 1 0 0 0 0 0 5120 2 1 1 4 20480 40960 40960 k5120_m17408_n2
29 0 17408 3 1 1 0 2 142 5120 17408 1 1 0 0 0 0 0 5120 3 1 1 4 20480 61440 61440 k5120_m17408_n3
29 0 17408 4 1 1 0 2 142 5120 17408 1 1 0 0 0 0 0 5120 4 1 1 4 20480 81920 81920 k5120_m17408_n4
29 0 17408 5 1 1 0 2 142 5120 17408 1 1 0 0 0 0 0 5120 5 1 1 4 20480 102400 102400 k5120_m17408_n5
29 0 17408 6 1 1 0 2 142 5120 17408 1 1 0 0 0 0 0 5120 6 1 1 4 20480 122880 122880 k5120_m17408_n6
29 0 17408 7 1 1 0 2 142 5120 17408 1 1 0 0 0 0 0 5120 7 1 1 4 20480 143360 143360 k5120_m17408_n7
29 0 17408 8 1 1 0 2 142 5120 17408 1 1 0 0 0 0 0 5120 8 1 1 4 20480 163840 163840 k5120_m17408_n8
29 0 17408 16 1 1 0 2 142 5120 17408 1 1 0 0 0 0 0 5120 16 1 1 4 20480 327680 327680 k5120_m17408_n16
29 0 5120 1 1 1 0 2 142 17408 5120 1 1 0 0 0 0 0 17408 1 1 1 4 69632 69632 69632 k17408_m5120_n1
29 0 5120 2 1 1 0 2 142 17408 5120 1 1 0 0 0 0 0 17408 2 1 1 4 69632 139264 139264 k17408_m5120_n2
29 0 5120 3 1 1 0 2 142 17408 5120 1 1 0 0 0 0 0 17408 3 1 1 4 69632 208896 208896 k17408_m5120_n3
29 0 5120 4 1 1 0 2 142 17408 5120 1 1 0 0 0 0 0 17408 4 1 1 4 69632 278528 278528 k17408_m5120_n4
29 0 5120 5 1 1 0 2 142 17408 5120 1 1 0 0 0 0 0 17408 5 1 1 4 69632 348160 348160 k17408_m5120_n5
29 0 5120 6 1 1 0 2 142 17408 5120 1 1 0 0 0 0 0 17408 6 1 1 4 69632 417792 417792 k17408_m5120_n6
29 0 5120 7 1 1 0 2 142 17408 5120 1 1 0 0 0 0 0 17408 7 1 1 4 69632 487424 487424 k17408_m5120_n7
29 0 5120 8 1 1 0 2 142 17408 5120 1 1 0 0 0 0 0 17408 8 1 1 4 69632 557056 557056 k17408_m5120_n8
29 0 5120 16 1 1 0 2 142 17408 5120 1 1 0 0 0 0 0 17408 16 1 1 4 69632 1114112 1114112 k17408_m5120_n16
29 0 10240 1 1 1 0 2 142 5120 10240 1 1 0 0 0 0 0 5120 1 1 1 4 20480 20480 20480 k5120_m10240_n1
29 0 10240 2 1 1 0 2 142 5120 10240 1 1 0 0 0 0 0 5120 2 1 1 4 20480 40960 40960 k5120_m10240_n2
29 0 10240 3 1 1 0 2 142 5120 10240 1 1 0 0 0 0 0 5120 3 1 1 4 20480 61440 61440 k5120_m10240_n3
29 0 10240 4 1 1 0 2 142 5120 10240 1 1 0 0 0 0 0 5120 4 1 1 4 20480 81920 81920 k5120_m10240_n4
29 0 10240 5 1 1 0 2 142 5120 10240 1 1 0 0 0 0 0 5120 5 1 1 4 20480 102400 102400 k5120_m10240_n5
29 0 10240 6 1 1 0 2 142 5120 10240 1 1 0 0 0 0 0 5120 6 1 1 4 20480 122880 122880 k5120_m10240_n6
29 0 10240 7 1 1 0 2 142 5120 10240 1 1 0 0 0 0 0 5120 7 1 1 4 20480 143360 143360 k5120_m10240_n7
29 0 10240 8 1 1 0 2 142 5120 10240 1 1 0 0 0 0 0 5120 8 1 1 4 20480 163840 163840 k5120_m10240_n8
29 0 10240 16 1 1 0 2 142 5120 10240 1 1 0 0 0 0 0 5120 16 1 1 4 20480 327680 327680 k5120_m10240_n16
29 0 6144 1 1 1 0 2 142 5120 6144 1 1 0 0 0 0 0 5120 1 1 1 4 20480 20480 20480 k5120_m6144_n1
29 0 6144 2 1 1 0 2 142 5120 6144 1 1 0 0 0 0 0 5120 2 1 1 4 20480 40960 40960 k5120_m6144_n2
29 0 6144 3 1 1 0 2 142 5120 6144 1 1 0 0 0 0 0 5120 3 1 1 4 20480 61440 61440 k5120_m6144_n3
29 0 6144 4 1 1 0 2 142 5120 6144 1 1 0 0 0 0 0 5120 4 1 1 4 20480 81920 81920 k5120_m6144_n4
29 0 6144 5 1 1 0 2 142 5120 6144 1 1 0 0 0 0 0 5120 5 1 1 4 20480 102400 102400 k5120_m6144_n5
29 0 6144 6 1 1 0 2 142 5120 6144 1 1 0 0 0 0 0 5120 6 1 1 4 20480 122880 122880 k5120_m6144_n6
29 0 6144 7 1 1 0 2 142 5120 6144 1 1 0 0 0 0 0 5120 7 1 1 4 20480 143360 143360 k5120_m6144_n7
29 0 6144 8 1 1 0 2 142 5120 6144 1 1 0 0 0 0 0 5120 8 1 1 4 20480 163840 163840 k5120_m6144_n8
29 0 6144 16 1 1 0 2 142 5120 6144 1 1 0 0 0 0 0 5120 16 1 1 4 20480 327680 327680 k5120_m6144_n16
29 0 5120 1 1 1 0 2 142 6144 5120 1 1 0 0 0 0 0 6144 1 1 1 4 24576 24576 24576 k6144_m5120_n1
29 0 5120 2 1 1 0 2 142 6144 5120 1 1 0 0 0 0 0 6144 2 1 1 4 24576 49152 49152 k6144_m5120_n2
29 0 5120 3 1 1 0 2 142 6144 5120 1 1 0 0 0 0 0 6144 3 1 1 4 24576 73728 73728 k6144_m5120_n3
29 0 5120 4 1 1 0 2 142 6144 5120 1 1 0 0 0 0 0 6144 4 1 1 4 24576 98304 98304 k6144_m5120_n4
29 0 5120 5 1 1 0 2 142 6144 5120 1 1 0 0 0 0 0 6144 5 1 1 4 24576 122880 122880 k6144_m5120_n5
29 0 5120 6 1 1 0 2 142 6144 5120 1 1 0 0 0 0 0 6144 6 1 1 4 24576 147456 147456 k6144_m5120_n6
29 0 5120 7 1 1 0 2 142 6144 5120 1 1 0 0 0 0 0 6144 7 1 1 4 24576 172032 172032 k6144_m5120_n7
29 0 5120 8 1 1 0 2 142 6144 5120 1 1 0 0 0 0 0 6144 8 1 1 4 24576 196608 196608 k6144_m5120_n8
29 0 5120 16 1 1 0 2 142 6144 5120 1 1 0 0 0 0 0 6144 16 1 1 4 24576 393216 393216 k6144_m5120_n16
29 0 12288 1 1 1 0 2 142 5120 12288 1 1 0 0 0 0 0 5120 1 1 1 4 20480 20480 20480 k5120_m12288_n1
29 0 12288 2 1 1 0 2 142 5120 12288 1 1 0 0 0 0 0 5120 2 1 1 4 20480 40960 40960 k5120_m12288_n2
29 0 12288 3 1 1 0 2 142 5120 12288 1 1 0 0 0 0 0 5120 3 1 1 4 20480 61440 61440 k5120_m12288_n3
29 0 12288 4 1 1 0 2 142 5120 12288 1 1 0 0 0 0 0 5120 4 1 1 4 20480 81920 81920 k5120_m12288_n4
29 0 12288 5 1 1 0 2 142 5120 12288 1 1 0 0 0 0 0 5120 5 1 1 4 20480 102400 102400 k5120_m12288_n5
29 0 12288 6 1 1 0 2 142 5120 12288 1 1 0 0 0 0 0 5120 6 1 1 4 20480 122880 122880 k5120_m12288_n6
29 0 12288 7 1 1 0 2 142 5120 12288 1 1 0 0 0 0 0 5120 7 1 1 4 20480 143360 143360 k5120_m12288_n7
29 0 12288 8 1 1 0 2 142 5120 12288 1 1 0 0 0 0 0 5120 8 1 1 4 20480 163840 163840 k5120_m12288_n8
29 0 12288 16 1 1 0 2 142 5120 12288 1 1 0 0 0 0 0 5120 16 1 1 4 20480 327680 327680 k5120_m12288_n16
29 0 1024 1 1 1 0 2 142 5120 1024 1 1 0 0 0 0 0 5120 1 1 1 4 20480 20480 20480 k5120_m1024_n1
29 0 1024 2 1 1 0 2 142 5120 1024 1 1 0 0 0 0 0 5120 2 1 1 4 20480 40960 40960 k5120_m1024_n2
29 0 1024 3 1 1 0 2 142 5120 1024 1 1 0 0 0 0 0 5120 3 1 1 4 20480 61440 61440 k5120_m1024_n3
29 0 1024 4 1 1 0 2 142 5120 1024 1 1 0 0 0 0 0 5120 4 1 1 4 20480 81920 81920 k5120_m1024_n4
29 0 1024 5 1 1 0 2 142 5120 1024 1 1 0 0 0 0 0 5120 5 1 1 4 20480 102400 102400 k5120_m1024_n5
29 0 1024 6 1 1 0 2 142 5120 1024 1 1 0 0 0 0 0 5120 6 1 1 4 20480 122880 122880 k5120_m1024_n6
29 0 1024 7 1 1 0 2 142 5120 1024 1 1 0 0 0 0 0 5120 7 1 1 4 20480 143360 143360 k5120_m1024_n7
29 0 1024 8 1 1 0 2 142 5120 1024 1 1 0 0 0 0 0 5120 8 1 1 4 20480 163840 163840 k5120_m1024_n8
29 0 1024 16 1 1 0 2 142 5120 1024 1 1 0 0 0 0 0 5120 16 1 1 4 20480 327680 327680 k5120_m1024_n16
29 0 248320 1 1 1 0 2 142 5120 248320 1 1 0 0 0 0 0 5120 1 1 1 4 20480 20480 20480 k5120_m248320_n1
29 0 248320 2 1 1 0 2 142 5120 248320 1 1 0 0 0 0 0 5120 2 1 1 4 20480 40960 40960 k5120_m248320_n2
29 0 248320 3 1 1 0 2 142 5120 248320 1 1 0 0 0 0 0 5120 3 1 1 4 20480 61440 61440 k5120_m248320_n3
29 0 248320 4 1 1 0 2 142 5120 248320 1 1 0 0 0 0 0 5120 4 1 1 4 20480 81920 81920 k5120_m248320_n4
29 0 248320 5 1 1 0 2 142 5120 248320 1 1 0 0 0 0 0 5120 5 1 1 4 20480 102400 102400 k5120_m248320_n5
29 0 248320 6 1 1 0 2 142 5120 248320 1 1 0 0 0 0 0 5120 6 1 1 4 20480 122880 122880 k5120_m248320_n6
29 0 248320 7 1 1 0 2 142 5120 248320 1 1 0 0 0 0 0 5120 7 1 1 4 20480 143360 143360 k5120_m248320_n7
29 0 248320 8 1 1 0 2 142 5120 248320 1 1 0 0 0 0 0 5120 8 1 1 4 20480 163840 163840 k5120_m248320_n8
29 0 248320 16 1 1 0 2 142 5120 248320 1 1 0 0 0 0 0 5120 16 1 1 4 20480 327680 327680 k5120_m248320_n16
