29 0 17408 9 1 1 0 2 143 5120 17408 1 1 0 0 0 0 0 5120 9 1 1 4 20480 184320 184320 k5120_m17408_n9
29 0 17408 16 1 1 0 2 143 5120 17408 1 1 0 0 0 0 0 5120 16 1 1 4 20480 327680 327680 k5120_m17408_n16
29 0 17408 33 1 1 0 2 143 5120 17408 1 1 0 0 0 0 0 5120 33 1 1 4 20480 675840 675840 k5120_m17408_n33
29 0 17408 64 1 1 0 2 143 5120 17408 1 1 0 0 0 0 0 5120 64 1 1 4 20480 1310720 1310720 k5120_m17408_n64
29 0 17408 130 1 1 0 2 143 5120 17408 1 1 0 0 0 0 0 5120 130 1 1 4 20480 2662400 2662400 k5120_m17408_n130
29 0 17408 512 1 1 0 2 143 5120 17408 1 1 0 0 0 0 0 5120 512 1 1 4 20480 10485760 10485760 k5120_m17408_n512
29 0 5120 9 1 1 0 2 143 17408 5120 1 1 0 0 0 0 0 17408 9 1 1 4 69632 626688 626688 k17408_m5120_n9
29 0 5120 16 1 1 0 2 143 17408 5120 1 1 0 0 0 0 0 17408 16 1 1 4 69632 1114112 1114112 k17408_m5120_n16
29 0 5120 33 1 1 0 2 143 17408 5120 1 1 0 0 0 0 0 17408 33 1 1 4 69632 2297856 2297856 k17408_m5120_n33
29 0 5120 64 1 1 0 2 143 17408 5120 1 1 0 0 0 0 0 17408 64 1 1 4 69632 4456448 4456448 k17408_m5120_n64
29 0 5120 130 1 1 0 2 143 17408 5120 1 1 0 0 0 0 0 17408 130 1 1 4 69632 9052160 9052160 k17408_m5120_n130
29 0 5120 512 1 1 0 2 143 17408 5120 1 1 0 0 0 0 0 17408 512 1 1 4 69632 35651584 35651584 k17408_m5120_n512
29 0 10240 9 1 1 0 2 143 5120 10240 1 1 0 0 0 0 0 5120 9 1 1 4 20480 184320 184320 k5120_m10240_n9
29 0 10240 16 1 1 0 2 143 5120 10240 1 1 0 0 0 0 0 5120 16 1 1 4 20480 327680 327680 k5120_m10240_n16
29 0 10240 33 1 1 0 2 143 5120 10240 1 1 0 0 0 0 0 5120 33 1 1 4 20480 675840 675840 k5120_m10240_n33
29 0 10240 64 1 1 0 2 143 5120 10240 1 1 0 0 0 0 0 5120 64 1 1 4 20480 1310720 1310720 k5120_m10240_n64
29 0 10240 130 1 1 0 2 143 5120 10240 1 1 0 0 0 0 0 5120 130 1 1 4 20480 2662400 2662400 k5120_m10240_n130
29 0 10240 512 1 1 0 2 143 5120 10240 1 1 0 0 0 0 0 5120 512 1 1 4 20480 10485760 10485760 k5120_m10240_n512
29 0 6144 9 1 1 0 2 143 5120 6144 1 1 0 0 0 0 0 5120 9 1 1 4 20480 184320 184320 k5120_m6144_n9
29 0 6144 16 1 1 0 2 143 5120 6144 1 1 0 0 0 0 0 5120 16 1 1 4 20480 327680 327680 k5120_m6144_n16
29 0 6144 33 1 1 0 2 143 5120 6144 1 1 0 0 0 0 0 5120 33 1 1 4 20480 675840 675840 k5120_m6144_n33
29 0 6144 64 1 1 0 2 143 5120 6144 1 1 0 0 0 0 0 5120 64 1 1 4 20480 1310720 1310720 k5120_m6144_n64
29 0 6144 130 1 1 0 2 143 5120 6144 1 1 0 0 0 0 0 5120 130 1 1 4 20480 2662400 2662400 k5120_m6144_n130
29 0 6144 512 1 1 0 2 143 5120 6144 1 1 0 0 0 0 0 5120 512 1 1 4 20480 10485760 10485760 k5120_m6144_n512
29 0 5120 9 1 1 0 2 143 6144 5120 1 1 0 0 0 0 0 6144 9 1 1 4 24576 221184 221184 k6144_m5120_n9
29 0 5120 16 1 1 0 2 143 6144 5120 1 1 0 0 0 0 0 6144 16 1 1 4 24576 393216 393216 k6144_m5120_n16
29 0 5120 33 1 1 0 2 143 6144 5120 1 1 0 0 0 0 0 6144 33 1 1 4 24576 811008 811008 k6144_m5120_n33
29 0 5120 64 1 1 0 2 143 6144 5120 1 1 0 0 0 0 0 6144 64 1 1 4 24576 1572864 1572864 k6144_m5120_n64
29 0 5120 130 1 1 0 2 143 6144 5120 1 1 0 0 0 0 0 6144 130 1 1 4 24576 3194880 3194880 k6144_m5120_n130
29 0 5120 512 1 1 0 2 143 6144 5120 1 1 0 0 0 0 0 6144 512 1 1 4 24576 12582912 12582912 k6144_m5120_n512
29 0 12288 9 1 1 0 2 143 5120 12288 1 1 0 0 0 0 0 5120 9 1 1 4 20480 184320 184320 k5120_m12288_n9
29 0 12288 16 1 1 0 2 143 5120 12288 1 1 0 0 0 0 0 5120 16 1 1 4 20480 327680 327680 k5120_m12288_n16
29 0 12288 33 1 1 0 2 143 5120 12288 1 1 0 0 0 0 0 5120 33 1 1 4 20480 675840 675840 k5120_m12288_n33
29 0 12288 64 1 1 0 2 143 5120 12288 1 1 0 0 0 0 0 5120 64 1 1 4 20480 1310720 1310720 k5120_m12288_n64
29 0 12288 130 1 1 0 2 143 5120 12288 1 1 0 0 0 0 0 5120 130 1 1 4 20480 2662400 2662400 k5120_m12288_n130
29 0 12288 512 1 1 0 2 143 5120 12288 1 1 0 0 0 0 0 5120 512 1 1 4 20480 10485760 10485760 k5120_m12288_n512
29 0 1024 9 1 1 0 2 143 5120 1024 1 1 0 0 0 0 0 5120 9 1 1 4 20480 184320 184320 k5120_m1024_n9
29 0 1024 16 1 1 0 2 143 5120 1024 1 1 0 0 0 0 0 5120 16 1 1 4 20480 327680 327680 k5120_m1024_n16
29 0 1024 33 1 1 0 2 143 5120 1024 1 1 0 0 0 0 0 5120 33 1 1 4 20480 675840 675840 k5120_m1024_n33
29 0 1024 64 1 1 0 2 143 5120 1024 1 1 0 0 0 0 0 5120 64 1 1 4 20480 1310720 1310720 k5120_m1024_n64
29 0 1024 130 1 1 0 2 143 5120 1024 1 1 0 0 0 0 0 5120 130 1 1 4 20480 2662400 2662400 k5120_m1024_n130
29 0 1024 512 1 1 0 2 143 5120 1024 1 1 0 0 0 0 0 5120 512 1 1 4 20480 10485760 10485760 k5120_m1024_n512
29 0 248320 9 1 1 0 2 143 5120 248320 1 1 0 0 0 0 0 5120 9 1 1 4 20480 184320 184320 k5120_m248320_n9
29 0 248320 16 1 1 0 2 143 5120 248320 1 1 0 0 0 0 0 5120 16 1 1 4 20480 327680 327680 k5120_m248320_n16
29 0 248320 33 1 1 0 2 143 5120 248320 1 1 0 0 0 0 0 5120 33 1 1 4 20480 675840 675840 k5120_m248320_n33
29 0 248320 64 1 1 0 2 143 5120 248320 1 1 0 0 0 0 0 5120 64 1 1 4 20480 1310720 1310720 k5120_m248320_n64
29 0 248320 130 1 1 0 2 143 5120 248320 1 1 0 0 0 0 0 5120 130 1 1 4 20480 2662400 2662400 k5120_m248320_n130
29 0 248320 512 1 1 0 2 143 5120 248320 1 1 0 0 0 0 0 5120 512 1 1 4 20480 10485760 10485760 k5120_m248320_n512
