29 0 48 9 1 1 0 2 30 5120 48 1 1 0 0 0 0 0 5120 9 1 1 4 20480 184320 184320 bf16_m48_n9
29 0 48 17 1 1 0 2 30 5120 48 1 1 0 0 0 0 0 5120 17 1 1 4 20480 348160 348160 bf16_m48_n17
29 0 48 64 1 1 0 2 30 5120 48 1 1 0 0 0 0 0 5120 64 1 1 4 20480 1310720 1310720 bf16_m48_n64
29 0 48 512 1 1 0 2 30 5120 48 1 1 0 0 0 0 0 5120 512 1 1 4 20480 10485760 10485760 bf16_m48_n512
29 0 33 9 1 1 0 2 30 5120 33 1 1 0 0 0 0 0 5120 9 1 1 4 20480 184320 184320 bf16_m33_n9
29 0 33 17 1 1 0 2 30 5120 33 1 1 0 0 0 0 0 5120 17 1 1 4 20480 348160 348160 bf16_m33_n17
29 0 33 64 1 1 0 2 30 5120 33 1 1 0 0 0 0 0 5120 64 1 1 4 20480 1310720 1310720 bf16_m33_n64
29 0 33 512 1 1 0 2 30 5120 33 1 1 0 0 0 0 0 5120 512 1 1 4 20480 10485760 10485760 bf16_m33_n512
29 0 48 9 1 1 0 2 41 5120 48 1 1 0 0 0 0 0 5120 9 1 1 4 20480 184320 184320 q1_0_m48_n9
29 0 48 17 1 1 0 2 41 5120 48 1 1 0 0 0 0 0 5120 17 1 1 4 20480 348160 348160 q1_0_m48_n17
29 0 48 64 1 1 0 2 41 5120 48 1 1 0 0 0 0 0 5120 64 1 1 4 20480 1310720 1310720 q1_0_m48_n64
29 0 48 512 1 1 0 2 41 5120 48 1 1 0 0 0 0 0 5120 512 1 1 4 20480 10485760 10485760 q1_0_m48_n512
29 0 33 9 1 1 0 2 41 5120 33 1 1 0 0 0 0 0 5120 9 1 1 4 20480 184320 184320 q1_0_m33_n9
29 0 33 17 1 1 0 2 41 5120 33 1 1 0 0 0 0 0 5120 17 1 1 4 20480 348160 348160 q1_0_m33_n17
29 0 33 64 1 1 0 2 41 5120 33 1 1 0 0 0 0 0 5120 64 1 1 4 20480 1310720 1310720 q1_0_m33_n64
29 0 33 512 1 1 0 2 41 5120 33 1 1 0 0 0 0 0 5120 512 1 1 4 20480 10485760 10485760 q1_0_m33_n512
29 0 48 9 1 1 0 2 142 5120 48 1 1 0 0 0 0 0 5120 9 1 1 4 20480 184320 184320 pq2_0_m48_n9
29 0 48 17 1 1 0 2 142 5120 48 1 1 0 0 0 0 0 5120 17 1 1 4 20480 348160 348160 pq2_0_m48_n17
29 0 48 64 1 1 0 2 142 5120 48 1 1 0 0 0 0 0 5120 64 1 1 4 20480 1310720 1310720 pq2_0_m48_n64
29 0 48 512 1 1 0 2 142 5120 48 1 1 0 0 0 0 0 5120 512 1 1 4 20480 10485760 10485760 pq2_0_m48_n512
29 0 33 9 1 1 0 2 142 5120 33 1 1 0 0 0 0 0 5120 9 1 1 4 20480 184320 184320 pq2_0_m33_n9
29 0 33 17 1 1 0 2 142 5120 33 1 1 0 0 0 0 0 5120 17 1 1 4 20480 348160 348160 pq2_0_m33_n17
29 0 33 64 1 1 0 2 142 5120 33 1 1 0 0 0 0 0 5120 64 1 1 4 20480 1310720 1310720 pq2_0_m33_n64
29 0 33 512 1 1 0 2 142 5120 33 1 1 0 0 0 0 0 5120 512 1 1 4 20480 10485760 10485760 pq2_0_m33_n512
