29 0 3 1 4 2 0 2 143 128 3 2 1 0 0 0 0 0 128 1 4 2 4 512 512 2048 edge_k128_m3_n1_pad0_t0
29 0 3 1 4 2 0 2 143 128 3 2 1 0 0 0 0 1 128 1 4 2 2 256 256 1024 edge_k128_m3_n1_pad0_t1
29 0 3 1 4 2 0 2 143 128 3 2 1 0 0 0 0 0 128 1 4 2 4 640 640 2560 edge_k128_m3_n1_pad1_t0
29 0 3 1 4 2 0 2 143 128 3 2 1 0 0 0 0 1 128 1 4 2 2 320 320 1280 edge_k128_m3_n1_pad1_t1
29 0 3 2 4 2 0 2 143 128 3 2 1 0 0 0 0 0 128 2 4 2 4 512 1024 4096 edge_k128_m3_n2_pad0_t0
29 0 3 2 4 2 0 2 143 128 3 2 1 0 0 0 0 1 128 2 4 2 2 256 512 2048 edge_k128_m3_n2_pad0_t1
29 0 3 2 4 2 0 2 143 128 3 2 1 0 0 0 0 0 128 2 4 2 4 640 1280 5120 edge_k128_m3_n2_pad1_t0
29 0 3 2 4 2 0 2 143 128 3 2 1 0 0 0 0 1 128 2 4 2 2 320 640 2560 edge_k128_m3_n2_pad1_t1
29 0 3 3 4 2 0 2 143 128 3 2 1 0 0 0 0 0 128 3 4 2 4 512 1536 6144 edge_k128_m3_n3_pad0_t0
29 0 3 3 4 2 0 2 143 128 3 2 1 0 0 0 0 1 128 3 4 2 2 256 768 3072 edge_k128_m3_n3_pad0_t1
29 0 3 3 4 2 0 2 143 128 3 2 1 0 0 0 0 0 128 3 4 2 4 640 1920 7680 edge_k128_m3_n3_pad1_t0
29 0 3 3 4 2 0 2 143 128 3 2 1 0 0 0 0 1 128 3 4 2 2 320 960 3840 edge_k128_m3_n3_pad1_t1
29 0 3 4 4 2 0 2 143 128 3 2 1 0 0 0 0 0 128 4 4 2 4 512 2048 8192 edge_k128_m3_n4_pad0_t0
29 0 3 4 4 2 0 2 143 128 3 2 1 0 0 0 0 1 128 4 4 2 2 256 1024 4096 edge_k128_m3_n4_pad0_t1
29 0 3 4 4 2 0 2 143 128 3 2 1 0 0 0 0 0 128 4 4 2 4 640 2560 10240 edge_k128_m3_n4_pad1_t0
29 0 3 4 4 2 0 2 143 128 3 2 1 0 0 0 0 1 128 4 4 2 2 320 1280 5120 edge_k128_m3_n4_pad1_t1
29 0 3 5 4 2 0 2 143 128 3 2 1 0 0 0 0 0 128 5 4 2 4 512 2560 10240 edge_k128_m3_n5_pad0_t0
29 0 3 5 4 2 0 2 143 128 3 2 1 0 0 0 0 1 128 5 4 2 2 256 1280 5120 edge_k128_m3_n5_pad0_t1
29 0 3 5 4 2 0 2 143 128 3 2 1 0 0 0 0 0 128 5 4 2 4 640 3200 12800 edge_k128_m3_n5_pad1_t0
29 0 3 5 4 2 0 2 143 128 3 2 1 0 0 0 0 1 128 5 4 2 2 320 1600 6400 edge_k128_m3_n5_pad1_t1
29 0 3 6 4 2 0 2 143 128 3 2 1 0 0 0 0 0 128 6 4 2 4 512 3072 12288 edge_k128_m3_n6_pad0_t0
29 0 3 6 4 2 0 2 143 128 3 2 1 0 0 0 0 1 128 6 4 2 2 256 1536 6144 edge_k128_m3_n6_pad0_t1
29 0 3 6 4 2 0 2 143 128 3 2 1 0 0 0 0 0 128 6 4 2 4 640 3840 15360 edge_k128_m3_n6_pad1_t0
29 0 3 6 4 2 0 2 143 128 3 2 1 0 0 0 0 1 128 6 4 2 2 320 1920 7680 edge_k128_m3_n6_pad1_t1
29 0 3 7 4 2 0 2 143 128 3 2 1 0 0 0 0 0 128 7 4 2 4 512 3584 14336 edge_k128_m3_n7_pad0_t0
29 0 3 7 4 2 0 2 143 128 3 2 1 0 0 0 0 1 128 7 4 2 2 256 1792 7168 edge_k128_m3_n7_pad0_t1
29 0 3 7 4 2 0 2 143 128 3 2 1 0 0 0 0 0 128 7 4 2 4 640 4480 17920 edge_k128_m3_n7_pad1_t0
29 0 3 7 4 2 0 2 143 128 3 2 1 0 0 0 0 1 128 7 4 2 2 320 2240 8960 edge_k128_m3_n7_pad1_t1
29 0 3 8 4 2 0 2 143 128 3 2 1 0 0 0 0 0 128 8 4 2 4 512 4096 16384 edge_k128_m3_n8_pad0_t0
29 0 3 8 4 2 0 2 143 128 3 2 1 0 0 0 0 1 128 8 4 2 2 256 2048 8192 edge_k128_m3_n8_pad0_t1
29 0 3 8 4 2 0 2 143 128 3 2 1 0 0 0 0 0 128 8 4 2 4 640 5120 20480 edge_k128_m3_n8_pad1_t0
29 0 3 8 4 2 0 2 143 128 3 2 1 0 0 0 0 1 128 8 4 2 2 320 2560 10240 edge_k128_m3_n8_pad1_t1
29 0 7 1 4 2 0 2 143 384 7 2 1 0 0 0 0 0 384 1 4 2 4 1536 1536 6144 edge_k384_m7_n1_pad0_t0
29 0 7 1 4 2 0 2 143 384 7 2 1 0 0 0 0 1 384 1 4 2 2 768 768 3072 edge_k384_m7_n1_pad0_t1
29 0 7 1 4 2 0 2 143 384 7 2 1 0 0 0 0 0 384 1 4 2 4 1664 1664 6656 edge_k384_m7_n1_pad1_t0
29 0 7 1 4 2 0 2 143 384 7 2 1 0 0 0 0 1 384 1 4 2 2 832 832 3328 edge_k384_m7_n1_pad1_t1
29 0 7 2 4 2 0 2 143 384 7 2 1 0 0 0 0 0 384 2 4 2 4 1536 3072 12288 edge_k384_m7_n2_pad0_t0
29 0 7 2 4 2 0 2 143 384 7 2 1 0 0 0 0 1 384 2 4 2 2 768 1536 6144 edge_k384_m7_n2_pad0_t1
29 0 7 2 4 2 0 2 143 384 7 2 1 0 0 0 0 0 384 2 4 2 4 1664 3328 13312 edge_k384_m7_n2_pad1_t0
29 0 7 2 4 2 0 2 143 384 7 2 1 0 0 0 0 1 384 2 4 2 2 832 1664 6656 edge_k384_m7_n2_pad1_t1
29 0 7 3 4 2 0 2 143 384 7 2 1 0 0 0 0 0 384 3 4 2 4 1536 4608 18432 edge_k384_m7_n3_pad0_t0
29 0 7 3 4 2 0 2 143 384 7 2 1 0 0 0 0 1 384 3 4 2 2 768 2304 9216 edge_k384_m7_n3_pad0_t1
29 0 7 3 4 2 0 2 143 384 7 2 1 0 0 0 0 0 384 3 4 2 4 1664 4992 19968 edge_k384_m7_n3_pad1_t0
29 0 7 3 4 2 0 2 143 384 7 2 1 0 0 0 0 1 384 3 4 2 2 832 2496 9984 edge_k384_m7_n3_pad1_t1
29 0 7 4 4 2 0 2 143 384 7 2 1 0 0 0 0 0 384 4 4 2 4 1536 6144 24576 edge_k384_m7_n4_pad0_t0
29 0 7 4 4 2 0 2 143 384 7 2 1 0 0 0 0 1 384 4 4 2 2 768 3072 12288 edge_k384_m7_n4_pad0_t1
29 0 7 4 4 2 0 2 143 384 7 2 1 0 0 0 0 0 384 4 4 2 4 1664 6656 26624 edge_k384_m7_n4_pad1_t0
29 0 7 4 4 2 0 2 143 384 7 2 1 0 0 0 0 1 384 4 4 2 2 832 3328 13312 edge_k384_m7_n4_pad1_t1
29 0 7 5 4 2 0 2 143 384 7 2 1 0 0 0 0 0 384 5 4 2 4 1536 7680 30720 edge_k384_m7_n5_pad0_t0
29 0 7 5 4 2 0 2 143 384 7 2 1 0 0 0 0 1 384 5 4 2 2 768 3840 15360 edge_k384_m7_n5_pad0_t1
29 0 7 5 4 2 0 2 143 384 7 2 1 0 0 0 0 0 384 5 4 2 4 1664 8320 33280 edge_k384_m7_n5_pad1_t0
29 0 7 5 4 2 0 2 143 384 7 2 1 0 0 0 0 1 384 5 4 2 2 832 4160 16640 edge_k384_m7_n5_pad1_t1
29 0 7 6 4 2 0 2 143 384 7 2 1 0 0 0 0 0 384 6 4 2 4 1536 9216 36864 edge_k384_m7_n6_pad0_t0
29 0 7 6 4 2 0 2 143 384 7 2 1 0 0 0 0 1 384 6 4 2 2 768 4608 18432 edge_k384_m7_n6_pad0_t1
29 0 7 6 4 2 0 2 143 384 7 2 1 0 0 0 0 0 384 6 4 2 4 1664 9984 39936 edge_k384_m7_n6_pad1_t0
29 0 7 6 4 2 0 2 143 384 7 2 1 0 0 0 0 1 384 6 4 2 2 832 4992 19968 edge_k384_m7_n6_pad1_t1
29 0 7 7 4 2 0 2 143 384 7 2 1 0 0 0 0 0 384 7 4 2 4 1536 10752 43008 edge_k384_m7_n7_pad0_t0
29 0 7 7 4 2 0 2 143 384 7 2 1 0 0 0 0 1 384 7 4 2 2 768 5376 21504 edge_k384_m7_n7_pad0_t1
29 0 7 7 4 2 0 2 143 384 7 2 1 0 0 0 0 0 384 7 4 2 4 1664 11648 46592 edge_k384_m7_n7_pad1_t0
29 0 7 7 4 2 0 2 143 384 7 2 1 0 0 0 0 1 384 7 4 2 2 832 5824 23296 edge_k384_m7_n7_pad1_t1
29 0 7 8 4 2 0 2 143 384 7 2 1 0 0 0 0 0 384 8 4 2 4 1536 12288 49152 edge_k384_m7_n8_pad0_t0
29 0 7 8 4 2 0 2 143 384 7 2 1 0 0 0 0 1 384 8 4 2 2 768 6144 24576 edge_k384_m7_n8_pad0_t1
29 0 7 8 4 2 0 2 143 384 7 2 1 0 0 0 0 0 384 8 4 2 4 1664 13312 53248 edge_k384_m7_n8_pad1_t0
29 0 7 8 4 2 0 2 143 384 7 2 1 0 0 0 0 1 384 8 4 2 2 832 6656 26624 edge_k384_m7_n8_pad1_t1
29 0 9 1 4 2 0 2 143 5120 9 2 1 0 0 0 0 0 5120 1 4 2 4 20480 20480 81920 edge_k5120_m9_n1_pad0_t0
29 0 9 1 4 2 0 2 143 5120 9 2 1 0 0 0 0 1 5120 1 4 2 2 10240 10240 40960 edge_k5120_m9_n1_pad0_t1
29 0 9 1 4 2 0 2 143 5120 9 2 1 0 0 0 0 0 5120 1 4 2 4 20608 20608 82432 edge_k5120_m9_n1_pad1_t0
29 0 9 1 4 2 0 2 143 5120 9 2 1 0 0 0 0 1 5120 1 4 2 2 10304 10304 41216 edge_k5120_m9_n1_pad1_t1
29 0 9 2 4 2 0 2 143 5120 9 2 1 0 0 0 0 0 5120 2 4 2 4 20480 40960 163840 edge_k5120_m9_n2_pad0_t0
29 0 9 2 4 2 0 2 143 5120 9 2 1 0 0 0 0 1 5120 2 4 2 2 10240 20480 81920 edge_k5120_m9_n2_pad0_t1
29 0 9 2 4 2 0 2 143 5120 9 2 1 0 0 0 0 0 5120 2 4 2 4 20608 41216 164864 edge_k5120_m9_n2_pad1_t0
29 0 9 2 4 2 0 2 143 5120 9 2 1 0 0 0 0 1 5120 2 4 2 2 10304 20608 82432 edge_k5120_m9_n2_pad1_t1
29 0 9 3 4 2 0 2 143 5120 9 2 1 0 0 0 0 0 5120 3 4 2 4 20480 61440 245760 edge_k5120_m9_n3_pad0_t0
29 0 9 3 4 2 0 2 143 5120 9 2 1 0 0 0 0 1 5120 3 4 2 2 10240 30720 122880 edge_k5120_m9_n3_pad0_t1
29 0 9 3 4 2 0 2 143 5120 9 2 1 0 0 0 0 0 5120 3 4 2 4 20608 61824 247296 edge_k5120_m9_n3_pad1_t0
29 0 9 3 4 2 0 2 143 5120 9 2 1 0 0 0 0 1 5120 3 4 2 2 10304 30912 123648 edge_k5120_m9_n3_pad1_t1
29 0 9 4 4 2 0 2 143 5120 9 2 1 0 0 0 0 0 5120 4 4 2 4 20480 81920 327680 edge_k5120_m9_n4_pad0_t0
29 0 9 4 4 2 0 2 143 5120 9 2 1 0 0 0 0 1 5120 4 4 2 2 10240 40960 163840 edge_k5120_m9_n4_pad0_t1
29 0 9 4 4 2 0 2 143 5120 9 2 1 0 0 0 0 0 5120 4 4 2 4 20608 82432 329728 edge_k5120_m9_n4_pad1_t0
29 0 9 4 4 2 0 2 143 5120 9 2 1 0 0 0 0 1 5120 4 4 2 2 10304 41216 164864 edge_k5120_m9_n4_pad1_t1
29 0 9 5 4 2 0 2 143 5120 9 2 1 0 0 0 0 0 5120 5 4 2 4 20480 102400 409600 edge_k5120_m9_n5_pad0_t0
29 0 9 5 4 2 0 2 143 5120 9 2 1 0 0 0 0 1 5120 5 4 2 2 10240 51200 204800 edge_k5120_m9_n5_pad0_t1
29 0 9 5 4 2 0 2 143 5120 9 2 1 0 0 0 0 0 5120 5 4 2 4 20608 103040 412160 edge_k5120_m9_n5_pad1_t0
29 0 9 5 4 2 0 2 143 5120 9 2 1 0 0 0 0 1 5120 5 4 2 2 10304 51520 206080 edge_k5120_m9_n5_pad1_t1
29 0 9 6 4 2 0 2 143 5120 9 2 1 0 0 0 0 0 5120 6 4 2 4 20480 122880 491520 edge_k5120_m9_n6_pad0_t0
29 0 9 6 4 2 0 2 143 5120 9 2 1 0 0 0 0 1 5120 6 4 2 2 10240 61440 245760 edge_k5120_m9_n6_pad0_t1
29 0 9 6 4 2 0 2 143 5120 9 2 1 0 0 0 0 0 5120 6 4 2 4 20608 123648 494592 edge_k5120_m9_n6_pad1_t0
29 0 9 6 4 2 0 2 143 5120 9 2 1 0 0 0 0 1 5120 6 4 2 2 10304 61824 247296 edge_k5120_m9_n6_pad1_t1
29 0 9 7 4 2 0 2 143 5120 9 2 1 0 0 0 0 0 5120 7 4 2 4 20480 143360 573440 edge_k5120_m9_n7_pad0_t0
29 0 9 7 4 2 0 2 143 5120 9 2 1 0 0 0 0 1 5120 7 4 2 2 10240 71680 286720 edge_k5120_m9_n7_pad0_t1
29 0 9 7 4 2 0 2 143 5120 9 2 1 0 0 0 0 0 5120 7 4 2 4 20608 144256 577024 edge_k5120_m9_n7_pad1_t0
29 0 9 7 4 2 0 2 143 5120 9 2 1 0 0 0 0 1 5120 7 4 2 2 10304 72128 288512 edge_k5120_m9_n7_pad1_t1
29 0 9 8 4 2 0 2 143 5120 9 2 1 0 0 0 0 0 5120 8 4 2 4 20480 163840 655360 edge_k5120_m9_n8_pad0_t0
29 0 9 8 4 2 0 2 143 5120 9 2 1 0 0 0 0 1 5120 8 4 2 2 10240 81920 327680 edge_k5120_m9_n8_pad0_t1
29 0 9 8 4 2 0 2 143 5120 9 2 1 0 0 0 0 0 5120 8 4 2 4 20608 164864 659456 edge_k5120_m9_n8_pad1_t0
29 0 9 8 4 2 0 2 143 5120 9 2 1 0 0 0 0 1 5120 8 4 2 2 10304 82432 329728 edge_k5120_m9_n8_pad1_t1
