29 0 10240 1 1 1 0 2 143 5120 10240 1 1 0 0 0 0 0 5120 1 1 1 4 20480 20480 20480 k5120_m10240_n1
29 0 10240 2 1 1 0 2 143 5120 10240 1 1 0 0 0 0 0 5120 2 1 1 4 20480 40960 40960 k5120_m10240_n2
29 0 10240 3 1 1 0 2 143 5120 10240 1 1 0 0 0 0 0 5120 3 1 1 4 20480 61440 61440 k5120_m10240_n3
29 0 10240 4 1 1 0 2 143 5120 10240 1 1 0 0 0 0 0 5120 4 1 1 4 20480 81920 81920 k5120_m10240_n4
29 0 10240 8 1 1 0 2 143 5120 10240 1 1 0 0 0 0 0 5120 8 1 1 4 20480 163840 163840 k5120_m10240_n8
29 0 17408 1 1 1 0 2 143 5120 17408 1 1 0 0 0 0 0 5120 1 1 1 4 20480 20480 20480 k5120_m17408_n1
29 0 17408 2 1 1 0 2 143 5120 17408 1 1 0 0 0 0 0 5120 2 1 1 4 20480 40960 40960 k5120_m17408_n2
29 0 17408 3 1 1 0 2 143 5120 17408 1 1 0 0 0 0 0 5120 3 1 1 4 20480 61440 61440 k5120_m17408_n3
29 0 17408 4 1 1 0 2 143 5120 17408 1 1 0 0 0 0 0 5120 4 1 1 4 20480 81920 81920 k5120_m17408_n4
29 0 17408 8 1 1 0 2 143 5120 17408 1 1 0 0 0 0 0 5120 8 1 1 4 20480 163840 163840 k5120_m17408_n8
29 0 5120 1 1 1 0 2 143 17408 5120 1 1 0 0 0 0 0 17408 1 1 1 4 69632 69632 69632 k17408_m5120_n1
29 0 5120 2 1 1 0 2 143 17408 5120 1 1 0 0 0 0 0 17408 2 1 1 4 69632 139264 139264 k17408_m5120_n2
29 0 5120 3 1 1 0 2 143 17408 5120 1 1 0 0 0 0 0 17408 3 1 1 4 69632 208896 208896 k17408_m5120_n3
29 0 5120 4 1 1 0 2 143 17408 5120 1 1 0 0 0 0 0 17408 4 1 1 4 69632 278528 278528 k17408_m5120_n4
29 0 5120 8 1 1 0 2 143 17408 5120 1 1 0 0 0 0 0 17408 8 1 1 4 69632 557056 557056 k17408_m5120_n8
29 0 6144 1 1 1 0 2 143 5120 6144 1 1 0 0 0 0 0 5120 1 1 1 4 20480 20480 20480 k5120_m6144_n1
29 0 6144 2 1 1 0 2 143 5120 6144 1 1 0 0 0 0 0 5120 2 1 1 4 20480 40960 40960 k5120_m6144_n2
29 0 6144 3 1 1 0 2 143 5120 6144 1 1 0 0 0 0 0 5120 3 1 1 4 20480 61440 61440 k5120_m6144_n3
29 0 6144 4 1 1 0 2 143 5120 6144 1 1 0 0 0 0 0 5120 4 1 1 4 20480 81920 81920 k5120_m6144_n4
29 0 6144 8 1 1 0 2 143 5120 6144 1 1 0 0 0 0 0 5120 8 1 1 4 20480 163840 163840 k5120_m6144_n8
